1.000380000000000019e-01 1.667469999999999930e-10
3.900379999999999958e-01 1.244610000000000110e-10
6.800270000000000481e-01 1.089319999999999967e-10
9.700079999999999814e-01 2.240679999999999908e-10
1.260049999999999892e+00 4.826900000000000361e-09
1.550030000000000019e+00 2.219780000000000042e-07
1.840060000000000029e+00 1.096609999999999992e-05
2.130479999999999929e+00 3.697250000000000016e-04
2.420389999999999819e+00 4.600980000000000174e-03
2.710269999999999957e+00 2.298820000000000030e-02
