-4.999530000000000030e+00 -3.215980000000000227e-02
-4.832860000000000156e+00 -3.209650000000000003e-02
-4.666369999999999685e+00 -3.201650000000000329e-02
-4.499550000000000161e+00 -3.193580000000000030e-02
-4.333059999999999690e+00 -3.185339999999999699e-02
-4.166240000000000165e+00 -3.176969999999999794e-02
-3.999709999999999877e+00 -3.168460000000000026e-02
-3.832870000000000221e+00 -3.159769999999999940e-02
-3.666380000000000194e+00 -3.150929999999999703e-02
-3.499559999999999782e+00 -3.141970000000000179e-02
-3.333000000000000185e+00 -3.132859999999999812e-02
-3.166189999999999838e+00 -3.123570000000000166e-02
-2.999639999999999862e+00 -3.114060000000000092e-02
-2.832840000000000025e+00 -3.104319999999999996e-02
-2.666300000000000114e+00 -3.094299999999999828e-02
-2.499509999999999899e+00 -3.083910000000000123e-02
-2.332969999999999988e+00 -3.073100000000000137e-02
-2.166150000000000020e+00 -3.061670000000000016e-02
-2.000010000000000066e+00 -3.049400000000000027e-02
-1.833339999999999970e+00 -3.036000000000000157e-02
-1.666670000000000096e+00 -3.020969999999999905e-02
-1.500000000000000000e+00 -3.003520000000000148e-02
-1.333329999999999904e+00 -2.982289999999999941e-02
-1.166690000000000005e+00 -2.954520000000000063e-02
-1.000019999999999909e+00 -2.914009999999999864e-02
-8.333509999999999529e-01 -2.845450000000000063e-02
-6.666720000000000423e-01 -2.710510000000000003e-02
-4.999950000000000228e-01 -2.433139999999999956e-02
-3.333079999999999932e-01 -1.919670000000000057e-02
-1.666060000000000041e-01 -1.111709999999999955e-02
