1.475810000000000021e-05 6.804070000000000390e-08
1.666779999999999928e-01 4.726509999999999739e-02
3.334030000000000049e-01 8.747430000000000483e-02
5.000670000000000393e-01 1.189349999999999991e-01
6.667480000000000073e-01 1.404529999999999945e-01
8.333970000000000544e-01 1.532389999999999863e-01
1.000070000000000014e+00 1.600910000000000111e-01
1.166749999999999954e+00 1.637709999999999999e-01
1.333420000000000050e+00 1.659059999999999979e-01
1.500050000000000106e+00 1.673360000000000125e-01
1.666730000000000045e+00 1.683810000000000029e-01
1.833399999999999919e+00 1.692329999999999945e-01
2.000070000000000014e+00 1.699549999999999950e-01
2.166819999999999968e+00 1.705889999999999906e-01
2.333670000000000133e+00 1.711419999999999886e-01
2.500189999999999912e+00 1.716860000000000053e-01
2.666990000000000194e+00 1.721749999999999947e-01
2.833509999999999973e+00 1.726550000000000029e-01
3.000350000000000072e+00 1.731419999999999904e-01
3.166910000000000114e+00 1.735829999999999873e-01
3.333720000000000017e+00 1.740140000000000020e-01
3.500259999999999927e+00 1.744380000000000097e-01
3.667060000000000208e+00 1.748520000000000074e-01
3.833610000000000184e+00 1.752789999999999904e-01
4.000420000000000087e+00 1.756949999999999901e-01
4.166929999999999801e+00 1.761000000000000065e-01
4.333759999999999835e+00 1.764820000000000000e-01
4.500300000000000189e+00 1.768939999999999957e-01
4.667099999999999582e+00 1.772880000000000011e-01
4.833639999999999937e+00 1.776880000000000126e-01
