-2.599660000000000082e+00 -9.966289999999999871e-02
-2.516399999999999970e+00 -9.356960000000000277e-02
-2.433100000000000041e+00 -8.352489999999999915e-02
-2.349720000000000031e+00 -7.469750000000000001e-02
-2.266329999999999956e+00 -6.368440000000000212e-02
-2.182970000000000077e+00 -5.302289999999999781e-02
-2.099549999999999805e+00 -4.420110000000000011e-02
-2.016500000000000181e+00 -3.652709999999999985e-02
-1.933349999999999902e+00 -2.936199999999999921e-02
-1.849979999999999958e+00 -2.299270000000000133e-02
-1.766659999999999897e+00 -1.737839999999999871e-02
-1.683329999999999993e+00 -1.255949999999999948e-02
-1.600000000000000089e+00 -8.558400000000000729e-03
-1.516669999999999963e+00 -5.415340000000000258e-03
-1.433340000000000058e+00 -3.104410000000000155e-03
-1.350019999999999998e+00 -1.565809999999999945e-03
-1.266650000000000054e+00 -6.713409999999999950e-04
-1.183310000000000084e+00 -2.400720000000000013e-04
-1.099979999999999958e+00 -7.118870000000000503e-05
-1.016650000000000054e+00 -1.821790000000000052e-05
-9.333160000000000345e-01 -4.243550000000000223e-06
-8.499889999999999946e-01 -9.538719999999999536e-07
-7.666260000000000296e-01 -2.151840000000000030e-07
-6.832989999999999897e-01 -4.906699999999999858e-08
-5.999630000000000241e-01 -1.211989999999999989e-08
-5.166319999999999801e-01 -2.896099999999999956e-09
-4.333080000000000265e-01 -7.376740000000000316e-10
-3.499800000000000133e-01 -2.400279999999999801e-10
-2.666189999999999949e-01 -1.093470000000000025e-10
-1.833390000000000020e-01 -6.493040000000000048e-11
